18.707 28.136 8.333
22.538 23.266 8.604
15.789 27.123 9.654
27.913 11.048 13.478
18.718 29.079 6.812
19.626 22.881 10.632
23.072 19.824 15.869
27.886 14.933 22.491
16.141 26.697 10.182
13.650 26.804 20.245
31.911 15.778 18.399
24.662 26.425 10.644
18.739 23.873 9.483
12.996 27.752 22.982
27.312 16.700 17.295
23.007 22.681 8.839
25.342 22.215 9.699
18.893 24.031 15.942
20.564 24.430 16.103
27.431 18.900 6.243
15.798 30.751 17.654
29.278 21.059 19.624
18.356 27.888 13.467
17.668 24.922 12.778
23.475 19.765 23.568
17.208 24.831 9.121
19.430 23.563 12.253
21.355 24.458 7.734
25.929 19.636 14.975
26.381 16.182 11.704
26.627 18.067 15.602
28.207 13.838 16.611
25.278 25.429 9.030
15.624 26.087 14.637
20.795 27.327 11.861
19.795 25.253 12.967
24.099 20.656 6.525
23.182 30.869 6.743
29.324 10.994 22.049
25.212 16.274 7.143
21.050 28.440 8.591
24.939 26.344 18.796
28.380 11.973 19.443
18.998 23.883 21.189
23.075 19.302 19.825
25.328 17.983 23.662
26.378 18.854 14.610
19.146 23.728 16.602
20.869 23.295 18.076
23.639 19.329 12.977
18.791 25.414 15.615
21.457 22.119 15.980
26.906 15.201 11.109
14.134 26.528 15.602
19.132 26.634 14.108
28.681 16.772 18.009
22.295 20.204 7.332
26.897 21.685 14.367
23.120 19.687 7.219
23.780 20.438 16.752
24.306 17.820 17.071
20.083 22.787 21.447
24.087 23.269 14.337
28.974 13.393 9.067
26.590 16.759 20.472
20.059 22.794 12.349
10.744 28.439 13.712
26.218 15.672 16.982
29.205 15.573 4.558
15.293 31.833 14.955
24.637 21.577 8.798
17.208 25.303 20.247
28.686 16.273 18.704
15.179 30.181 5.169
27.199 13.660 15.151
25.174 17.853 6.518
24.114 23.504 21.645
27.570 17.099 11.403
26.921 20.277 19.895
24.906 22.067 15.798
20.138 22.389 11.459
24.056 18.934 23.716
24.773 23.181 13.027
18.716 24.439 13.298
16.765 28.160 16.843
11.155 27.997 15.243
20.157 22.507 8.389
15.132 28.067 5.574
21.493 22.339 17.259
21.739 22.013 20.185
27.689 13.734 6.989
17.859 26.083 12.242
20.018 23.081 12.078
24.435 26.166 23.885
19.983 23.089 5.503
9.790 30.736 17.158
22.962 21.584 12.612
19.178 33.126 7.686
25.338 19.989 16.088
20.709 28.551 16.906
21.317 22.372 15.385
19.848 23.132 8.158
23.886 21.379 24.302
24.763 17.419 11.992
21.921 26.440 9.130
21.650 21.909 21.829
23.294 19.219 12.498
20.525 23.317 23.070
25.249 16.977 9.200
23.868 20.331 19.179
13.484 28.667 12.909
25.294 17.285 17.919
22.825 20.836 2.723
25.287 18.744 19.169
16.355 25.727 12.997
20.061 22.657 12.388
33.565 16.674 11.886
21.402 22.434 20.641
16.705 27.179 10.678
20.490 24.416 10.390
27.609 22.973 11.605
19.963 26.726 15.469
24.018 20.462 10.740
18.758 24.267 7.539
21.495 21.254 8.495
25.490 16.962 10.535
20.375 24.801 12.081
18.697 25.328 16.148
19.997 23.452 10.977
23.220 19.933 12.340
25.325 18.173 14.098
22.805 20.830 18.068
13.421 27.770 13.530
23.107 19.948 13.583
21.959 22.256 16.376
27.113 15.855 19.601
24.671 21.615 19.941
23.641 18.711 10.549
22.603 22.047 12.728
25.624 16.822 16.823
21.521 23.161 16.222
27.991 12.939 13.072
30.366 11.990 20.635
23.751 20.579 11.996
24.908 18.390 14.000
19.674 22.675 17.333
28.620 11.559 11.360
14.381 28.037 5.181
21.249 25.825 12.547
27.466 15.265 20.608
23.955 22.326 8.424
20.342 22.846 17.837
16.850 27.552 19.164
24.944 19.395 19.022
24.885 28.277 15.304
26.907 24.232 9.231
22.048 20.481 12.881
22.849 22.470 20.714
19.800 27.671 16.082
28.328 12.092 13.972
24.481 20.825 18.317
22.299 21.310 10.231
21.240 23.118 21.246
19.450 23.003 20.768
18.141 24.771 13.837
18.266 26.320 20.834
26.840 17.024 15.955
20.419 23.418 12.209
12.810 27.128 24.149
23.230 20.601 14.621
20.919 22.352 22.732
31.635 25.805 9.812
16.979 26.846 15.580
13.209 27.442 9.775
20.275 22.409 17.400
15.998 26.140 12.846
24.859 17.657 4.283
21.006 22.988 15.863
13.630 28.390 0.825
19.339 24.310 21.046
26.103 23.904 13.181
15.248 25.972 7.583
11.014 29.928 17.424
25.106 19.213 8.279
24.743 17.141 16.504
19.732 27.779 22.288
25.361 21.046 18.789
20.569 23.106 15.233
21.069 22.172 19.827
29.328 9.006 20.083
15.970 26.400 14.502
25.129 16.972 12.289
22.355 24.322 12.848
18.928 23.417 16.283
26.464 23.199 11.559
24.507 19.746 19.405
20.258 23.194 15.602
19.134 23.921 25.448
8.679 30.592 13.955
25.822 20.521 16.254
28.366 15.809 13.963
22.035 22.838 20.559
20.095 24.526 14.191
26.200 19.443 13.410
26.823 14.270 11.156
22.656 24.055 5.689
26.906 23.485 21.690
20.730 24.481 9.822
11.943 29.153 13.451
26.323 16.851 21.675
27.409 18.287 18.796
22.774 21.372 3.026
27.120 17.659 24.341
24.939 19.663 8.656
17.982 24.377 15.082
24.304 17.674 19.739
9.558 29.656 24.827
21.613 24.621 9.238
22.136 21.657 13.713
25.005 19.661 13.791
15.847 26.291 18.043
27.278 13.485 5.834
23.554 24.120 13.642
26.365 21.252 19.056
26.923 20.856 22.427
25.464 20.137 18.478
23.256 21.100 13.432
19.782 22.671 13.714
19.308 24.746 6.134
16.590 29.630 14.654
16.652 28.833 24.264
20.047 22.543 15.666
24.859 23.375 8.323
18.340 25.596 13.695
29.355 17.081 19.936
28.299 16.052 18.580
20.996 23.026 21.293
25.211 18.786 11.453
34.175 13.092 14.683
19.091 23.722 22.740
23.691 23.086 17.825
21.147 22.906 18.740
13.058 28.004 17.930
23.075 19.223 5.031
28.125 12.463 22.861
23.265 20.565 6.258
23.643 22.421 15.452
30.318 13.370 16.752
27.930 12.963 15.295
20.641 28.352 9.902
21.438 21.487 17.403
21.286 22.524 0.024
20.838 22.825 22.991
23.963 21.452 16.975
19.280 25.001 13.306
30.151 19.241 17.863
23.355 22.534 8.340
10.111 28.878 17.759
30.639 5.761 19.004
18.682 24.846 20.213
27.932 18.923 17.322
22.654 20.341 23.006
22.712 22.375 8.837
25.059 17.222 16.636
16.989 25.768 19.851
22.985 20.527 18.886
21.652 22.542 21.362
27.311 19.348 14.850
22.184 22.943 12.627
29.092 13.577 14.525
19.939 23.697 12.085
28.048 14.076 4.627
15.861 29.290 21.305
19.939 23.411 12.176
24.655 19.237 18.643
20.040 23.072 6.009
25.390 21.578 9.347
23.009 24.128 9.173
24.033 24.813 3.244
27.486 16.184 15.224
19.500 23.666 17.286
22.308 20.316 11.008
24.064 18.246 12.900
19.278 29.689 14.330
25.182 18.511 9.049
21.111 23.377 21.676
30.220 10.732 20.704
26.821 14.526 14.237
22.843 21.514 12.019
13.168 28.324 19.358
14.041 27.647 18.380
24.129 22.289 21.686
20.091 22.736 20.622
17.987 28.434 17.481
10.558 28.905 9.854
27.307 18.805 5.451
22.114 22.795 13.555
22.862 24.075 11.937
23.195 19.942 9.894
18.882 23.508 19.132
21.069 22.095 12.364
23.748 19.646 9.221
23.224 19.692 17.838
22.290 20.693 13.693
20.455 27.053 8.190
16.610 25.209 11.301
21.178 21.791 12.385
21.607 21.492 12.522
21.885 24.353 14.041
21.973 20.880 14.412
10.647 29.533 22.322
22.503 22.675 6.090
18.396 25.228 18.263
25.823 19.367 11.550
28.382 16.950 20.558
28.194 14.164 13.579
22.952 28.434 17.423
14.474 26.298 15.259
21.019 24.732 15.640
27.603 23.220 18.253
22.508 21.051 12.233
16.855 24.971 9.996
17.701 25.596 5.302
20.504 22.838 22.056
21.392 21.873 12.068
17.995 25.014 13.908
26.302 18.448 18.142
29.785 11.822 22.302
22.620 20.032 9.894
22.858 24.712 8.969
24.969 18.707 14.940
20.305 25.468 18.547
18.523 24.430 19.007
24.079 21.133 5.309
27.419 16.473 23.280
23.538 18.700 5.017
20.964 24.745 25.493
25.027 20.235 17.345
20.192 22.232 8.225
17.726 25.543 23.736
29.494 14.512 18.259
19.992 25.497 12.859
21.945 28.270 15.619
16.613 26.072 26.468
18.587 24.743 14.881
20.379 22.567 8.614
25.005 17.330 15.082
21.137 24.206 13.129
15.007 26.389 6.674
24.298 22.281 7.077
24.807 18.036 11.552
18.417 26.272 18.932
21.780 20.819 14.470
20.802 23.996 13.403
18.148 25.162 13.641
26.941 15.956 7.992
26.337 18.742 10.424
23.454 19.698 11.994
22.997 24.300 10.886
22.785 27.839 14.635
27.645 15.298 21.889
18.070 28.978 25.393
25.009 17.482 14.111
24.772 17.290 11.818
25.573 16.248 11.550
17.342 24.507 18.595
25.211 19.426 20.972
27.578 15.879 14.700
26.002 17.049 15.687
19.817 28.814 15.934
23.803 21.853 16.319
13.573 26.822 9.050
21.341 22.349 19.187
25.106 20.181 15.967
22.251 21.666 14.705
26.084 22.020 9.212
22.993 19.348 7.702
27.999 14.657 23.557
21.506 27.789 20.052
24.456 18.203 15.370
19.801 23.484 14.351
25.215 19.172 12.541
20.531 23.765 10.093
20.280 22.232 16.981
22.502 19.895 16.052
18.864 26.281 8.853
24.925 21.581 20.389
27.796 11.561 21.829
23.058 24.735 13.500
24.345 19.354 17.239
21.390 21.298 8.130
24.360 22.060 16.733
16.487 25.646 18.939
25.676 22.481 6.131
24.303 20.637 3.701
23.476 23.938 22.039
15.107 26.076 7.751
23.590 20.291 8.583
28.381 13.701 18.625
21.736 23.570 16.416
21.708 21.688 23.357
19.265 26.376 12.043
29.873 13.881 11.268
23.391 23.231 21.617
26.653 18.307 13.872
20.226 26.990 15.700
24.450 19.362 11.598
23.903 18.134 9.798
21.555 21.539 14.028
17.082 25.038 14.106
22.274 22.220 10.872
26.013 21.649 18.298
13.711 27.732 9.807
26.401 24.090 15.258
21.315 24.641 9.306
21.005 23.206 16.989
11.963 28.685 19.438
28.206 17.688 17.837
22.448 21.791 12.308
23.937 20.472 11.965
26.045 19.047 12.247
21.443 22.868 8.315
22.448 23.975 15.091
28.580 13.752 9.115
20.826 22.086 18.216
22.059 22.701 16.572
16.468 27.399 16.531
11.805 29.149 15.122
24.446 29.145 22.276
17.307 28.982 20.002
19.895 22.935 26.004
24.466 18.097 16.842
13.172 29.369 14.167
27.440 18.876 13.840
19.814 28.293 18.586
27.746 12.512 20.566
18.998 23.821 16.233
23.699 21.638 16.798
20.027 26.005 11.862
16.472 36.051 19.150
25.915 15.405 6.255
24.578 21.368 12.338
22.336 26.926 19.182
23.648 27.576 13.173
29.843 13.713 12.404
23.571 21.182 21.297
17.676 25.694 13.698
13.249 28.161 5.822
23.980 20.649 14.896
22.925 26.991 16.059
28.607 9.690 8.005
28.538 17.689 17.082
29.770 12.208 18.639
19.999 23.775 16.566
26.333 15.123 14.245
22.080 23.195 13.317
22.464 22.592 15.856
19.072 25.111 19.075
18.528 26.031 15.000
14.522 27.713 10.696
27.072 17.098 16.620
16.798 25.347 16.317
16.776 27.371 11.985
25.919 20.600 12.635
28.451 11.431 14.167
15.049 26.578 14.934
19.681 23.769 15.205
24.305 21.629 12.287
20.259 24.012 9.977
20.490 27.947 11.554
23.989 21.016 25.085
21.231 23.545 3.105
24.571 17.796 19.946
26.527 23.310 21.330
27.763 12.084 10.098
24.942 19.792 8.513
17.533 26.898 16.470
25.804 23.493 16.304
23.708 20.531 23.196
30.888 22.488 8.717
28.896 14.593 9.475
13.240 27.440 14.591
20.583 23.607 16.678
19.746 27.455 15.206
32.472 11.630 14.497
20.523 25.575 13.998
28.226 17.371 12.157
19.719 23.723 16.098
24.955 21.158 16.927
25.967 16.764 13.767
21.973 21.920 16.536
21.451 22.785 9.989
25.845 17.618 11.062
22.664 20.730 12.617
21.121 22.556 11.077
18.622 26.383 16.048
22.899 23.244 11.601
10.790 32.145 13.901
23.273 20.102 17.366
20.725 24.836 14.616
18.851 24.862 9.564
24.585 25.797 19.923
26.724 14.870 19.667
20.755 21.696 7.836
27.061 20.326 24.633
18.928 27.532 11.641
25.449 18.575 12.203
24.100 19.706 9.029
18.335 24.681 24.652
18.678 24.116 15.116
21.935 21.561 16.525
25.440 17.673 14.429
27.262 22.016 10.532
17.717 26.228 23.786
29.001 17.005 13.896
30.008 14.948 17.532
30.683 21.861 14.653
21.267 27.849 11.525
24.927 23.299 17.103
24.537 20.693 15.295
19.191 24.490 8.926
21.977 21.083 19.479
18.194 24.111 13.928
18.728 23.511 17.355
29.202 13.007 20.062
29.191 21.840 5.927
26.285 19.912 17.568
21.625 23.802 16.850
29.634 19.412 13.166
23.316 27.281 18.343
16.866 28.843 16.084
22.912 21.615 14.273
28.194 23.942 11.123
29.378 26.337 7.603
20.491 21.994 8.510
20.792 22.119 16.544
21.875 22.509 11.400
27.068 13.532 22.417
27.968 13.490 13.128
22.303 22.311 11.346
18.191 24.104 27.589
27.558 16.759 19.102
25.136 18.980 14.732
20.298 24.945 18.214
16.504 27.202 17.259
24.536 24.416 21.194
15.106 25.923 14.584
24.112 18.115 6.644
17.534 27.084 7.058
27.720 14.358 21.747
19.400 25.586 14.632
25.195 24.698 23.834
20.722 24.639 9.244
18.021 24.446 8.018
27.578 13.056 7.138
23.449 33.964 9.383
20.393 22.221 11.139
26.710 17.667 19.140
24.691 21.422 11.895
17.668 25.918 11.689
23.408 20.476 13.833
25.902 17.893 6.392
23.183 19.302 15.882
20.151 23.678 16.373
24.823 19.365 22.144
23.780 19.608 6.107
25.125 17.470 16.245
23.149 23.260 19.960
21.717 21.601 10.470
29.298 18.646 15.697
11.599 28.144 20.542
25.950 17.944 14.583
21.753 21.465 13.238
16.805 26.654 15.079
17.676 26.147 13.247
22.613 28.464 14.806
25.241 16.679 8.162
18.700 28.047 13.108
14.154 27.331 16.625
25.970 17.389 14.358
16.022 28.153 15.478
26.255 20.509 14.320
12.793 29.778 11.071
13.653 27.696 14.632
19.816 24.902 12.482
25.974 25.281 7.717
21.387 23.489 10.306
25.416 21.643 9.298
23.097 22.173 19.833
28.089 14.698 22.989
15.776 25.547 5.839
20.190 25.264 19.089
25.999 16.744 16.017
23.582 25.161 5.704
19.467 32.232 11.997
18.565 23.618 12.540
30.842 15.483 18.306
23.866 20.142 22.487
27.031 17.292 11.399
16.870 26.488 8.080
14.448 27.411 23.498
22.874 21.684 13.556
21.160 23.272 13.398
17.827 24.396 18.955
17.729 24.500 7.738
16.342 25.886 11.941
26.029 18.091 15.704
18.327 26.910 19.838
23.771 19.962 18.930
27.936 20.346 13.824
24.998 19.026 18.442
27.065 15.327 12.528
21.947 21.149 7.995
27.339 13.572 11.413
22.870 19.966 9.151
26.646 26.058 15.920
28.663 19.011 10.930
25.702 20.520 11.438
29.173 8.157 14.303
23.785 21.330 18.205
22.985 19.315 8.974
22.119 21.090 11.120
25.291 16.568 14.615
23.294 19.547 18.466
18.889 25.137 1.949
25.290 20.155 20.066
18.867 23.838 8.251
23.394 19.283 15.028
21.483 25.591 16.974
15.622 28.270 21.650
19.841 23.310 24.341
13.220 27.205 24.227
14.980 26.940 10.945
21.643 26.963 15.143
26.853 15.031 13.494
26.025 25.465 9.692
19.812 22.994 22.728
27.960 23.597 14.935
30.235 12.767 13.212
21.594 21.098 17.750
16.523 25.368 20.893
23.799 19.038 21.421
18.787 29.533 19.424
25.790 24.374 12.561
18.059 26.294 14.896
25.435 21.499 17.502
25.706 16.344 16.732
20.899 25.000 0.985
21.537 26.167 15.868
20.656 22.159 21.259
22.775 19.531 14.791
16.130 26.792 13.219
26.278 15.205 23.200
19.561 24.176 15.378
22.580 22.070 14.254
23.253 23.990 9.840
23.173 19.226 19.937
17.750 26.453 5.556
23.802 22.604 8.011
27.600 26.251 13.194
14.441 27.403 13.104
24.997 18.001 16.666
18.584 24.710 4.556
30.178 2.640 16.823
22.026 22.605 14.170
22.434 22.576 22.088
26.138 14.816 19.572
19.850 23.349 19.121
24.624 21.676 14.206
18.938 28.567 7.139
24.918 19.572 9.694
20.119 27.339 6.015
23.256 19.975 18.132
18.445 25.584 10.662
23.739 19.436 19.191
21.765 24.074 15.632
26.989 14.539 16.168
20.809 21.878 10.394
14.915 30.680 17.798
27.558 22.484 13.518
16.346 26.746 24.186
29.100 9.927 12.635
22.315 21.691 14.112
19.594 22.974 25.068
16.972 28.344 11.404
23.235 27.181 14.853
23.419 19.957 14.322
28.357 11.619 20.070
20.661 22.808 22.081
27.836 17.604 6.506
26.163 22.213 11.387
16.842 26.346 14.661
27.191 14.501 7.101
20.461 22.613 22.281
23.811 18.632 7.641
25.427 18.713 23.847
21.471 21.101 12.671
17.793 24.255 8.814
26.900 21.143 13.317
17.807 27.637 13.842
22.613 21.952 21.035
24.212 25.362 17.515
20.371 30.172 15.318
25.463 19.784 22.993
22.108 24.633 19.871
24.414 18.116 24.350
28.702 19.992 14.807
19.976 24.797 21.257
27.441 18.189 13.048
20.713 26.969 23.895
18.232 24.368 16.818
28.662 11.602 12.876
15.280 30.950 13.144
25.103 22.429 13.641
21.676 22.391 9.750
14.553 27.105 10.107
24.405 18.415 9.153
19.417 28.663 16.890
25.357 19.109 21.914
25.451 16.315 13.937
22.371 22.808 16.333
25.945 15.167 9.469
22.296 24.044 13.552
23.480 21.566 21.432
22.573 23.410 10.993
26.526 19.208 14.414
15.630 26.620 6.941
24.006 18.455 26.296
23.864 20.522 16.274
16.139 28.981 13.000
24.124 22.651 24.582
22.672 26.238 21.588
18.872 29.976 13.912
17.997 25.864 12.793
25.479 18.720 8.033
22.237 21.222 10.276
29.149 16.678 14.951
27.246 13.802 12.515
27.103 13.827 13.918
20.536 24.277 12.845
25.594 16.229 17.316
25.284 20.232 21.689
10.273 30.572 4.886
12.521 28.696 15.020
27.878 12.029 18.707
27.845 21.986 13.721
29.197 18.130 16.102
26.623 20.556 17.167
20.481 23.275 15.783
21.719 21.797 8.747
23.871 25.156 13.438
25.047 16.860 12.917
21.014 24.252 17.492
16.017 26.559 13.804
27.624 18.744 15.547
20.478 23.489 11.873
21.791 23.096 12.012
22.323 21.357 13.930
20.445 22.543 16.862
26.109 20.767 15.578
25.206 17.891 9.166
26.345 15.469 19.754
17.716 25.044 16.195
20.751 22.102 19.654
19.834 23.374 9.926
24.905 17.724 15.010
20.368 26.480 9.466
18.705 26.192 12.431
25.788 23.847 14.396
28.318 13.105 10.423
28.911 19.845 6.404
24.924 18.761 15.066
13.359 28.533 20.639
25.740 22.147 16.435
21.505 23.255 18.488
20.039 28.661 20.957
26.067 19.815 15.604
22.824 19.773 16.477
23.798 22.296 14.778
25.548 23.458 18.201
26.744 15.549 10.416
21.408 21.939 14.456
22.310 22.450 18.480
15.944 25.908 14.845
29.385 14.701 13.613
27.678 15.335 18.892
30.402 17.153 19.576
25.462 16.269 7.667
18.034 25.851 14.756
25.247 21.275 10.166
27.679 17.486 9.549
24.962 17.077 9.183
27.704 15.795 21.269
25.405 19.440 15.650
13.178 27.034 12.260
15.791 27.100 14.557
17.403 30.020 12.295
23.184 19.499 15.659
28.544 17.302 18.330
24.262 20.264 11.918
24.908 17.338 21.834
28.490 13.769 13.818
20.028 23.667 18.513
24.819 23.385 13.711
31.597 20.425 11.855
25.227 16.737 17.578
21.913 22.488 22.138
20.572 22.636 13.961
16.819 25.754 23.896
7.351 29.981 12.546
24.227 19.861 15.502
18.896 25.470 12.395
27.983 14.444 25.725
23.800 30.725 20.010
22.062 22.860 16.808
27.412 18.212 29.945
13.827 29.269 10.458
25.522 18.897 22.202
19.970 30.225 13.097
17.193 25.934 17.097
20.157 26.818 17.220
14.254 27.781 7.019
14.526 26.739 11.441
22.330 21.181 19.223
22.449 20.427 18.344
19.679 27.114 18.652
26.756 14.320 15.834
23.289 23.102 7.315
21.801 21.881 17.332
27.706 15.467 15.586
19.832 22.749 14.557
21.812 22.429 19.247
29.586 17.262 24.265
20.413 24.269 7.520
23.801 20.328 12.379
24.527 23.592 -2.157
19.238 24.234 23.055
24.932 20.104 19.555
33.208 13.932 14.976
16.745 30.856 21.231
6.951 29.322 18.025
14.983 26.011 15.562
24.478 17.980 16.740
24.729 21.610 21.664
20.881 21.881 18.828
25.551 21.399 23.333
23.721 22.365 11.746
27.018 17.430 16.643
25.889 20.580 12.560
15.411 28.931 12.238
22.051 24.288 19.121
21.051 23.237 21.720
21.292 29.319 11.101
22.998 25.692 16.401
19.522 23.703 20.076
25.104 20.106 17.168
24.470 19.082 14.067
23.580 19.271 13.566
21.014 21.711 15.811
30.917 16.995 22.052
27.027 18.676 14.794
22.380 20.620 14.892
23.445 22.947 16.225
18.619 23.987 10.721
21.876 22.531 18.873
17.109 26.822 16.580
27.618 20.454 14.400
23.392 27.298 17.914
17.171 25.179 12.687
12.660 30.713 18.727
19.008 26.686 13.007
28.074 16.570 12.158
32.585 26.379 16.798
22.503 22.765 8.021
24.501 19.586 19.985
22.460 23.569 9.355
25.381 16.641 2.379
22.846 20.266 11.465
23.302 21.322 10.363
21.754 22.526 3.805
26.271 16.817 8.927
18.122 25.437 14.476
24.463 18.521 12.768
29.861 24.198 19.111
24.746 21.114 6.306
25.028 16.819 20.235
23.468 19.068 13.634
21.239 22.497 20.671
24.789 19.316 23.607
23.257 25.126 26.977
19.330 26.121 8.593
25.448 20.683 9.583
19.761 26.097 20.690
19.125 25.292 23.498
28.746 20.440 18.409
26.618 16.742 24.094
24.606 23.526 14.828
19.168 23.632 8.922
26.190 15.457 10.835
25.394 18.474 1.798
23.941 20.088 13.924
24.341 28.371 14.733
21.994 26.269 14.488
25.034 22.654 6.043
20.884 23.360 8.777
26.375 17.168 25.541
14.308 27.848 15.708
26.758 17.576 11.098
26.262 20.059 18.092
26.083 17.090 18.741
18.357 24.762 12.510
22.295 24.967 15.197
23.552 26.635 18.868
27.650 11.711 20.401
15.294 26.346 13.981
23.843 24.318 6.116
25.094 24.726 12.982
17.754 31.865 2.998
26.612 16.125 14.009
16.593 25.969 19.914
17.764 26.207 15.730
22.381 20.773 14.877
17.006 25.211 14.265
21.434 21.398 14.251
23.106 25.869 15.194
26.466 23.289 14.197
21.782 20.924 13.852
22.947 23.441 13.825
20.315 22.891 13.318
21.429 23.462 14.100
27.876 15.059 14.512
23.015 23.368 13.007
23.355 19.170 16.152
30.270 8.110 15.269
28.155 13.967 12.549
24.630 24.095 11.420
22.711 23.519 12.657
27.834 21.609 12.985
25.276 20.546 13.089
17.635 26.698 16.859
15.485 27.510 10.758
15.484 26.183 18.649
22.379 20.653 18.675
20.068 28.039 13.473
20.236 23.745 10.991
31.708 13.119 9.664
26.277 14.893 14.858
30.260 23.196 13.545
18.958 26.519 12.074
14.571 29.407 9.041
25.426 16.936 16.907
22.798 23.801 15.776
23.376 20.114 14.885
23.730 20.156 19.944
17.386 25.199 22.490
14.768 26.147 9.634
22.739 30.838 14.805
27.225 18.320 16.631
25.234 27.343 17.078
24.083 25.860 20.513
16.961 25.487 19.025
24.132 19.786 11.054
24.347 24.954 17.023
16.394 29.775 18.403
28.432 18.613 11.985
26.111 15.023 24.281
18.406 26.332 5.451
25.325 17.523 4.272
27.654 12.127 15.729
19.631 22.720 17.848
23.020 24.019 1.981
19.049 27.302 21.885
21.702 29.820 16.428
10.471 28.486 8.138
26.257 15.238 15.885
23.495 19.662 14.494
12.804 28.421 13.188
27.588 13.556 16.544
27.746 22.108 28.790
17.078 24.851 16.017
19.880 22.995 19.447
19.005 23.848 4.965
22.762 22.505 21.694
22.114 21.409 13.044
18.425 24.616 17.500
24.089 17.981 12.145
21.557 25.319 25.331
17.835 25.416 10.168
10.568 28.369 15.092
14.617 27.583 19.246
27.444 14.239 9.004
17.872 26.751 13.119
26.094 21.832 5.151
16.238 26.911 19.068
25.196 18.837 18.383
25.087 16.568 13.180
13.557 27.931 20.657
22.714 23.056 12.453
19.080 23.923 14.953
27.286 16.515 18.325
19.916 22.452 8.365
19.854 22.557 12.143
21.151 25.457 15.097
20.864 21.754 16.195
16.731 25.476 15.161
22.309 27.935 12.796
20.092 23.232 6.478
20.812 23.818 16.222
19.152 25.343 7.876
21.298 22.613 11.243
21.061 24.167 15.652
31.200 9.594 10.935
22.977 19.687 30.029
13.858 27.089 14.974
16.448 26.240 21.937
13.620 30.134 26.686
20.616 22.983 14.269
13.768 27.910 19.198
23.365 19.496 18.561
19.965 22.800 11.926
24.087 25.943 13.376
22.237 21.089 20.706
27.096 16.476 13.316
26.952 16.267 9.147
25.739 17.177 17.470
22.447 20.586 24.730
20.442 25.070 4.660
25.684 18.778 25.987
23.074 23.961 11.057
19.076 23.782 13.949
21.289 21.402 18.908
21.466 23.228 11.942
25.642 24.458 14.840
7.482 29.322 19.582
24.479 20.250 14.330
22.633 26.737 17.341
24.633 22.422 10.236
29.741 11.480 11.522
18.155 27.091 8.963
25.776 18.205 15.470
20.537 23.342 18.570
11.824 32.274 14.330
28.999 14.877 19.936
23.079 20.068 7.125
20.318 23.189 16.869
21.829 21.113 27.778
26.552 19.765 8.687
18.410 24.257 4.823
21.480 22.609 18.199
14.454 27.968 13.882
22.863 24.183 13.170
28.395 12.399 10.541
20.435 28.522 11.935
25.461 18.115 17.621
26.004 23.093 18.044
17.826 24.959 12.347
23.345 19.426 4.564
27.563 27.549 22.527
31.546 15.376 17.358
26.242 20.625 17.115
22.033 22.979 16.357
28.603 11.350 14.314
23.207 24.688 9.447
22.047 23.067 13.510
17.030 30.510 14.507
24.374 17.556 16.541
19.471 28.094 13.688
20.571 21.997 15.340
23.717 20.440 8.337
19.822 28.088 10.995
21.882 23.810 31.606
18.977 26.117 16.595
21.013 21.984 10.010
19.112 26.520 8.269
16.011 25.611 10.586
15.494 26.473 9.377
18.638 24.527 22.215
23.321 19.305 13.690
17.651 27.469 4.962
19.289 26.056 19.894
15.635 28.808 7.236
25.981 15.125 20.790
20.486 21.949 8.783
